9.951392177022448937e-01 6.753850338134778641e-02 4.717349696288360983e-01 -7.178922607323590110e-01 6.774174222233136922e-01 -1.459055285943273994e-01 6.669268906344824610e-02
9.687571259369023302e-01 2.780989992320412330e-02 3.251640578045201790e-01 7.158855134478577797e-01 -6.856544261435424392e-01 1.292263472775400657e-01 2.620096781745618469e-02
9.564044923964871714e-01 2.501028643179678546e-02 2.863478652221984611e-01 -7.160846687001831690e-01 6.405463510485963630e-01 -2.397242388557888071e-01 1.394826466478528426e-01
9.390117378761242417e-01 8.313027408153376985e-02 2.666433119857014589e-01 -4.063340622666892776e-01 8.647608991779698329e-01 -2.809187966263108627e-01 9.036507509422508910e-02
9.817216154696954966e-01 -7.741839066438049866e-02 2.408643102634852595e-01 -8.810138542620024049e-01 4.141850470066468781e-01 -1.681108098965775066e-01 1.549325370296041893e-01
1.040700875996185326e+00 -3.080332641088959558e-03 2.668346956534681236e-01 7.341284591052938957e-01 -6.779413063375762105e-01 3.724953011240339507e-02 7.966379315123563523e-03
1.098564889711387549e+00 1.844200582612506856e-02 2.936192391921694789e-01 7.408867967716918912e-01 -6.619350363301261808e-01 -2.853238136348899487e-02 1.100666400947393903e-01
1.102648535717546174e+00 8.065904137843277200e-03 2.339665690158696520e-01 7.425086524064872240e-01 -6.572005449365726504e-01 -4.509162445147450043e-02 1.213881799884228702e-01
1.104999445659849977e+00 9.053289540536203772e-02 2.253795653911433994e-01 8.774872692646289440e-01 -4.606312674187437728e-01 -5.195553520955632776e-02 1.230266236056034024e-01
1.106285182285315694e+00 -4.305426628901472957e-02 2.246028561765471276e-01 5.189603284326793631e-01 -8.448150502054706523e-01 -7.675962867357992436e-03 1.300337958125986626e-01
1.103139780901386979e+00 2.053564555279540488e-02 2.214239788621533145e-01 9.588830762928716167e-01 -2.489891346393556248e-01 -9.584990391644504504e-02 9.674943281421265195e-02
1.097715384287430984e+00 1.293835415662721311e-01 1.793763188048252410e-01 9.687182799541343980e-01 -2.015018772893258925e-01 -9.785296878140127552e-02 1.068020787824228712e-01
1.055589864993396354e+00 -5.553946000817687467e-02 3.742302340747668543e-01 2.846191952489601218e-01 -9.470161156043229722e-01 1.368318758888636133e-01 5.856132018890920776e-02
1.066651987701728865e+00 -1.015591170549402372e-01 2.484779071429008557e-01 -8.670957138007824583e-02 9.848795223169455326e-01 1.481217905741860352e-01 2.353108388761184291e-02
9.959360776899780499e-01 -9.035438832932519981e-02 3.957678300980784214e-01 -6.818716308451958641e-01 7.314708696342729910e-01 -8.285165456461248074e-04 8.714845535482901653e-04
9.054183839092827535e-01 -9.533366346023797178e-02 2.659375452087907044e-01 -7.009671194388272797e-01 6.513619909273665742e-01 -8.860323685930561466e-02 2.766263195338135583e-01
1.013315649095654081e+00 1.098249831894138051e-02 2.052997306928656673e-01 -6.359256029073968586e-01 7.397979309464999265e-01 -2.189967948892219407e-01 1.838621120268813317e-02
1.039574726176283104e+00 6.974859231718145980e-02 1.904468176534216406e-01 6.717619927234559363e-01 -7.087367323369040406e-01 2.097844139665527852e-01 4.917894900594040053e-02
1.036421050321706172e+00 -1.915067892129380944e-02 1.608366813403340201e-01 -7.481465755386372818e-01 6.607264756722547316e-01 -4.009943770637024174e-02 4.592669105394650564e-02
1.036376737732929376e+00 -1.910166150813511626e-02 2.617619841669504566e-01 -9.303078592667133329e-01 3.616763650377418093e-01 -5.347804028803061771e-02 2.928469167710368026e-02
9.788420744006177676e-01 2.336100799758240518e-02 2.616634178887075612e-01 -9.960410628061442395e-01 -6.470749053364951986e-02 -6.082528613971527331e-02 3.927650552957667913e-03
9.788559319483365329e-01 2.332657872787148590e-02 2.616872246653808021e-01 9.358098433536751193e-01 3.471933703759902956e-01 5.941149272077235477e-02 1.367388686584889747e-02
9.172849089360455288e-01 2.340056930028421023e-02 2.617124587446816308e-01 6.750440853196807423e-01 7.352508352830223748e-01 4.671381337186716887e-02 3.923661212174202328e-02
9.110880306704273179e-01 2.339681241690348690e-02 2.615955502865858762e-01 7.825433438988035340e-01 6.025392761232903904e-01 1.451436402592851393e-01 5.920860867123460547e-02
8.289702254425546091e-01 2.386400683595229361e-03 2.616155674591536529e-01 2.874495087337030075e-01 9.448823177747301960e-01 8.378877841546637784e-02 1.324750017816593295e-01
8.290222341344007928e-01 2.364738184981327040e-03 2.616383646347553715e-01 2.545430218685513779e-01 9.421611096700380772e-01 -1.101109474188946419e-01 1.881910537243002279e-01
7.695756592876290547e-01 1.315595778398083449e-02 3.190824117941234994e-01 2.545066590858657274e-01 9.421883376788443565e-01 -1.101141798775219921e-01 1.881020048081019913e-01
9.855545738352149421e-01 1.310391684433920290e-02 3.191019739517090281e-01 -3.689088303628018095e-01 8.929549948743226162e-01 -2.148023140782889806e-01 1.428202292252747085e-01
9.855714555775729746e-01 1.320550028146974531e-02 3.191569325751854591e-01 4.055657641218836651e-01 -9.031132674418850259e-01 1.333184293324060909e-01 4.614145146194807007e-02
9.855767178163805653e-01 -6.670312022480330560e-02 3.191519925134117530e-01 -9.319824866814413467e-01 3.192214081473707110e-01 2.268592583936869522e-02 1.702694507781638555e-01
9.855108993852192967e-01 -6.674727434498822776e-02 3.190617717864258074e-01 -9.728250525742058175e-01 1.589491434350591426e-01 8.071039702781705738e-02 1.477579733783151716e-01
1.045662155073954658e+00 5.884042335505571680e-02 3.191143911587090987e-01 -9.645652524464579658e-01 1.330200775444229655e-01 1.651825565332039059e-01 1.569530367980543073e-01
