2.101957778992842307e-01 4.720711349106283816e-02 5.372203143294836947e-01 -6.994515502464622170e-01 -6.962307223874130147e-01 7.258707301289964164e-02 1.440882607749215116e-01
2.234367097870525176e-01 7.529677351867936075e-02 4.047277020689552529e-01 -7.081094308986864982e-01 -6.938309279956912379e-01 -1.907681004846280975e-02 1.296755665009839964e-01
2.643220241257246417e-01 9.970276263108786285e-02 3.251612045630524195e-01 -6.630208774908294966e-01 -6.955058075119494587e-01 1.510218230993719546e-01 2.320935084748892152e-01
2.454824032293193847e-01 -4.385697574443443020e-02 3.000827420435396298e-01 -8.771126711116458141e-01 -3.792518856592407839e-01 1.033246480461759292e-01 2.759807719850022600e-01
2.209664383221553174e-01 2.680615719327919533e-01 2.906189717324982880e-01 -4.416816363305524074e-01 -8.666365712931167753e-01 1.659148984908321578e-01 1.622671620644565160e-01
1.439270982588733427e-01 1.265507953265641028e-01 3.605399246131824054e-01 -7.010375508510747755e-01 -7.120887334508044786e-01 8.227949108884926276e-04 3.840977737100260275e-02
5.601602102061625787e-02 1.055080764863815662e-01 4.054936185396335602e-01 6.855069858978832809e-01 7.204091566110235600e-01 1.004750252618515638e-01 3.155295001775272612e-02
4.479981453499157218e-02 1.160699112874801764e-01 3.476649622895731095e-01 6.807291402503242717e-01 7.217762795385888053e-01 1.147464019803672020e-01 4.980063395225987899e-02
3.384707866042788865e-02 6.510229169137182748e-02 3.420905759187208850e-01 4.889356257848918585e-01 8.626985493929151261e-01 1.163864926183219711e-01 5.610125711337586585e-02
2.992225742350475975e-02 1.202018574449712357e-01 3.297769558135374424e-01 8.613236896905623885e-01 4.925026732348499747e-01 1.243614290656670646e-01 9.841412251677205889e-03
8.164969322273988098e-03 1.607632595907107775e-01 3.350755611757458841e-01 2.792511365872084039e-01 9.501425305282393818e-01 9.843581137339206533e-02 9.776689335050106622e-02
5.424800270923686718e-03 5.630115430768133089e-02 2.943461740130117188e-01 2.329820917106914524e-01 9.615438049840510093e-01 1.036602733092978346e-01 1.020166838137107485e-01
7.461315478727456596e-02 9.113834726311179080e-02 4.478045901805317586e-01 -9.565650651684000083e-01 -2.551265042875334732e-01 -4.790793690128701543e-02 1.326596113791229659e-01
3.835811946794887711e-02 1.901932725020177573e-01 3.657396085139104080e-01 9.864201714826387191e-01 5.306057846551628931e-02 -3.084319421236845354e-02 1.523434201921584075e-01
1.712638763522582042e-01 1.965104370373464138e-01 4.946952116974404068e-01 -7.529632593074345737e-01 -6.580117428861266271e-01 -8.028746512672938623e-03 1.554215725816581167e-03
3.138929219087703282e-01 2.494755217736015496e-01 3.060999318866121643e-01 -6.724763424192612415e-01 -6.790183505115329199e-01 2.840386274940377986e-01 7.766406277238478706e-02
1.897580612219379459e-01 7.321746438178237948e-02 2.625281304443617403e-01 -7.597595124798091071e-01 -6.122052156964455927e-01 3.065182843719627820e-02 2.168656784370639468e-01
1.570502457623772219e-01 1.577464431124539490e-02 2.577985160819440957e-01 -7.304348242649814082e-01 -6.499113011716420862e-01 -3.590511425587857020e-02 2.068600756082261960e-01
1.549973355763498706e-01 1.542268654269581263e-01 2.484306751847980832e-01 -6.841576647904072939e-01 -7.261830111344135252e-01 5.426693558011493057e-02 4.051695633974379540e-02
1.366059356884768150e-01 2.088645179149495046e-01 3.494610919865746568e-01 -3.912992861439326120e-01 -9.177915986626751232e-01 3.947355891793670468e-02 5.463779126036980710e-02
1.231366398545001573e-01 1.989111523061420361e-01 3.577606343463434757e-01 3.244453454986760688e-02 -9.979223445734166642e-01 1.749610530982444179e-02 5.284158095596629828e-02
7.712126967051749493e-02 1.981960581874769034e-01 3.607737089332285207e-01 3.151241741068720459e-01 -9.471069635615609883e-01 1.738583625674553976e-02 5.816259248276113569e-02
1.168135280116786856e-01 1.179885878439327906e-01 3.684338261654648838e-01 7.125755569690163105e-01 -6.979791784256516030e-01 -4.077697007150851011e-02 5.829563282387324047e-02
1.430127141259065759e-01 1.377051039629107743e-01 3.731900656742624389e-01 5.776186178149803618e-01 -8.019055863600275114e-01 -6.616347624958748841e-02 1.375738250128339391e-01
2.483507457685996678e-01 8.215462769793364928e-02 3.740926877831905473e-01 9.340999300009381612e-01 -3.181353563718462563e-01 -1.323818223694105956e-01 9.339308809839563796e-02
2.467007766151947112e-01 3.040998444962170894e-02 3.436626455663679969e-01 -9.325436559217732402e-01 2.850465106360771661e-01 1.937194195408888375e-01 1.076271483734066309e-01
3.032394549173453857e-01 1.753021461787598184e-02 4.000223357625014020e-01 -9.324784139117162640e-01 2.850850230697574150e-01 1.922354516782990297e-01 1.107071286234378588e-01
1.957236773333912161e-01 3.006085567293647134e-02 3.625310539082368111e-01 -9.037323721423442535e-01 -3.403925591582009358e-01 1.522919290311985363e-01 2.102566849440425933e-01
1.668637162681558261e-01 2.844825228289900310e-02 3.924300619067030427e-01 -9.153628431441117597e-01 -3.771289880574149600e-01 -3.791267424032467026e-02 1.358205466410201123e-01
1.715184429241359554e-01 2.912087833916753854e-01 3.866927048238065212e-01 3.481209071133975486e-01 9.204131015753693745e-01 -1.750686943343356117e-01 3.166241846455864623e-02
1.297546593400973058e-01 3.064683024844428449e-01 3.894835271233231810e-01 1.889642597570010962e-01 9.659194188190647345e-01 -1.516124947312641469e-01 9.113636115234806379e-02
5.307866555344540466e-02 1.820692006272563446e-01 3.882919535991340432e-01 1.635154816838305936e-01 9.601149067860007547e-01 -1.533008957750963408e-01 1.671552822125796367e-01
